The smallest maze possible is a 5 x 5, where there is no 42 pattern and the only possible obstacle are maybe 3 walls - 1 bit maze:

[15, 15, 15, 15, 15]
[15, 10, 10, 10, 15]
[15, 10, 10, 10, 15]
[15, 10, 10, 10, 15]
[15, 15, 15, 15, 15]

The second smallest is a 10 x 10 maze, where it is possible to place a 42 pattern, but a really small one, possible obstacle being unable to eyeball it - 8 bit maze:

                 CY  CY
[15, 15, 15, 15, 15, 15, 15, 15, 15, 15]
[15, 10, 10, 10, 10, 10, 10, 10, 10, 15]
[15, 10, 10, 10, 10, 10, 10, 10, 10, 15]
[15, 10, 10, 42, 10, 42, 42, 10, 10, 15]
[15, 10, 10, 42, 42, 10, 42, 10, 10, 15] CX
[15, 10, 10, 42, 42, 42, 10, 10, 10, 15] CX
[15, 10, 10, 10, 42, 42, 42, 10, 10, 15]
[15, 10, 10, 10, 10, 10, 10, 10, 10, 15]
[15, 10, 10, 10, 10, 10, 10, 10, 10, 15]
[15, 15, 15, 15, 15, 15, 15, 15, 15, 15]

P42_8: list[list[int]] = [
    [0,2,3],
    [0,1,3],
    [0,1,2],
    [1,2,3],
]

P42_8: list[tuple[int, int]] = [
    (0, 1), (2, 1), (3, 1),
    (0, 2), (1, 2), (3, 2),
    (0, 3), (1, 3), (2, 3),
    (1, 4), (2, 4), (3, 4),
]

A medium maze is maybe between 13 x 13 or 15 x 15, no middle ground - 16 bit maze:

13 x 13:                 CY
[15, 15, 15, 15, 15, 15, 15, 15, 15, 15, 15, 15, 15]
[15, 10, 10, 10, 10, 10, 10, 10, 10, 10, 10, 10, 15]
[15, 10, 10, 10, 10, 10, 10, 10, 10, 10, 10, 10, 15]
[15, 10, 10, 10, 10, 10, 10, 10, 10, 10, 10, 10, 15]
[15, 10, 10, 42, 10, 42, 10, 42, 42, 42, 10, 10, 15] 0
[15, 10, 10, 42, 10, 42, 10, 10, 10, 42, 10, 10, 15] 1
[15, 10, 10, 42, 42, 42, 10, 42, 42, 42, 10, 10, 15] CX 2
[15, 10, 10, 10, 10, 42, 10, 42, 10, 10, 10, 10, 15] 3
[15, 10, 10, 10, 10, 42, 10, 42, 42, 42, 10, 10, 15] 4
[15, 10, 10, 10, 10, 10, 10, 10, 10, 10, 10, 10, 15]
[15, 10, 10, 10, 10, 10, 10, 10, 10, 10, 10, 10, 15]
[15, 10, 10, 10, 10, 10, 10, 10, 10, 10, 10, 10, 15]
[15, 15, 15, 15, 15, 15, 15, 15, 15, 15, 15, 15, 15]
                         CY

P42_16: list[tuple[int, int]] = [
    (0, 0), (2, 0), (4, 0), (5, 0), (6, 0),
    (0, 1), (2, 1), (6, 1),
    (0, 2), (1, 2), (2, 2), (4, 2), (5, 2), (6, 2),
    (2, 3), (4, 3),
    (2, 4), (4, 4), (5, 4), (6, 4)
]

P42_16: list[list[int]] = [
    [0,2,4,5,6],
    [0,2,6],
    [0,1,2,4,5,6],
    [2,4],
    [2,4,5,6],
]

a second medium maze is 18 x 18 and the original pattern fits it nice until 52 x 52 - 32 bit maze:

[15, 15, 15, 15, 15, 15, 15, 15, 15, 15, 15, 15, 15, 15, 15, 15, 15, 15]
[15, 10, 10, 10, 10, 10, 10, 10, 10, 10, 10, 10, 10, 10, 10, 10, 10, 15]
[15, 10, 10, 10, 10, 10, 10, 10, 10, 10, 10, 10, 10, 10, 10, 10, 10, 15]
[15, 10, 10, 10, 10, 10, 10, 10, 10, 10, 10, 10, 10, 10, 10, 10, 10, 15]
[15, 10, 10, 10, 10, 10, 10, 10, 10, 10, 10, 10, 10, 10, 10, 10, 10, 15]
[15, 10, 10, 10, 42, 10, 10, 42, 10, 42, 42, 42, 42, 10, 10, 10, 10, 15]
[15, 10, 10, 10, 42, 10, 10, 42, 10, 10, 10, 10, 42, 10, 10, 10, 10, 15]
[15, 10, 10, 10, 42, 10, 10, 42, 10, 10, 10, 10, 42, 10, 10, 10, 10, 15]
[15, 10, 10, 10, 42, 42, 42, 42, 10, 42, 42, 42, 42, 10, 10, 10, 10, 15]
[15, 10, 10, 10, 10, 10, 10, 42, 10, 42, 10, 10, 10, 10, 10, 10, 10, 15]
[15, 10, 10, 10, 10, 10, 10, 42, 10, 42, 10, 10, 10, 10, 10, 10, 10, 15]
[15, 10, 10, 10, 10, 10, 10, 42, 10, 42, 42, 42, 42, 10, 10, 10, 10, 15]
[15, 10, 10, 10, 10, 10, 10, 10, 10, 10, 10, 10, 10, 10, 10, 10, 10, 15]
[15, 10, 10, 10, 10, 10, 10, 10, 10, 10, 10, 10, 10, 10, 10, 10, 10, 15]
[15, 10, 10, 10, 10, 10, 10, 10, 10, 10, 10, 10, 10, 10, 10, 10, 10, 15]
[15, 10, 10, 10, 10, 10, 10, 10, 10, 10, 10, 10, 10, 10, 10, 10, 10, 15]
[15, 10, 10, 10, 10, 10, 10, 10, 10, 10, 10, 10, 10, 10, 10, 10, 10, 15]
[15, 15, 15, 15, 15, 15, 15, 15, 15, 15, 15, 15, 15, 15, 15, 15, 15, 15]

P42_64: list[tuple[int, int]] = [
    (0, 0), (3, 0), (5, 0), (6, 0), (7, 0), (8, 0),
    (0, 1), (3, 1), (8, 1),
    (0, 2), (3, 2), (8, 2),
    (0, 3), (1, 3), (2, 3), (3, 3), (5, 3), (6, 3), (7, 3), (8, 3),
    (3, 4), (5, 4),
    (3, 5), (5, 5),
    (3, 6), (5, 6), (6, 6), (7, 6), (8, 6),
]

P42_32: list[list[int]] = [
    [0,3,5,6,7,8],
    [0,3,8],
    [0,3,8],
    [0,1,2,3,5,6,7,8],
    [3,5],
    [3,5],
    [3,5,6,7,8]
]